Istanbul_20260115_diyanet_0 2026 1 15 41.0082 28.9784 0 0 1768448880 1768454400 1768472400 1768481160 1768489740 1768494840
Istanbul_20260115_diyanet_1 2026 1 15 41.0082 28.9784 0 1 1768448880 1768454400 1768472400 1768483440 1768489740 1768494840
Istanbul_20260115_mwl_0 2026 1 15 41.0082 28.9784 1 0 1768449000 1768454820 1768472040 1768480920 1768489200 1768494720
Istanbul_20260115_isna_0 2026 1 15 41.0082 28.9784 2 0 1768449960 1768454820 1768472040 1768480920 1768489200 1768494060
Istanbul_20260115_umm_al_qura_0 2026 1 15 41.0082 28.9784 3 0 1768448820 1768454820 1768471980 1768480920 1768489200 1768494600
Istanbul_20260115_egyptian_0 2026 1 15 41.0082 28.9784 4 0 1768448520 1768454820 1768472040 1768480920 1768489200 1768494900
Istanbul_20260115_karachi_0 2026 1 15 41.0082 28.9784 5 0 1768449000 1768454820 1768472040 1768480920 1768489200 1768495080
Istanbul_20260115_karachi_1 2026 1 15 41.0082 28.9784 5 1 1768449000 1768454820 1768472040 1768483200 1768489200 1768495080
Istanbul_20260115_moonsighting_0 2026 1 15 41.0082 28.9784 6 0 1768449120 1768454820 1768472280 1768480920 1768489380 1768494600
Istanbul_20260115_kuwait_0 2026 1 15 41.0082 28.9784 7 0 1768449000 1768454820 1768471980 1768480920 1768489200 1768494900
Istanbul_20260115_qatar_0 2026 1 15 41.0082 28.9784 8 0 1768449000 1768454820 1768471980 1768480920 1768489200 1768494600
Istanbul_20260115_singapore_0 2026 1 15 41.0082 28.9784 9 0 1768448340 1768454820 1768472040 1768480920 1768489200 1768495080
Istanbul_20260115_uoif_0 2026 1 15 41.0082 28.9784 10 0 1768450980 1768454820 1768471980 1768480920 1768489200 1768493100
Istanbul_20260115_dubai_0 2026 1 15 41.0082 28.9784 11 0 1768448940 1768454640 1768472160 1768481100 1768489380 1768495140
Ankara_20260115_diyanet_0 2026 1 15 39.9334 32.8597 0 0 1768447860 1768453260 1768471500 1768480380 1768489020 1768494000
Ankara_20260115_diyanet_1 2026 1 15 39.9334 32.8597 0 1 1768447860 1768453260 1768471500 1768482720 1768489020 1768494000
Ankara_20260115_mwl_0 2026 1 15 39.9334 32.8597 1 0 1768447980 1768453680 1768471140 1768480140 1768488480 1768493880
Ankara_20260115_umm_al_qura_0 2026 1 15 39.9334 32.8597 3 0 1768447800 1768453680 1768471080 1768480140 1768488480 1768493880
Ankara_20260115_moonsighting_0 2026 1 15 39.9334 32.8597 6 0 1768448040 1768453680 1768471380 1768480140 1768488660 1768493820
Izmir_20260115_diyanet_0 2026 1 15 38.4237 27.1428 0 0 1768449120 1768454400 1768472880 1768482000 1768490640 1768495500
Izmir_20260115_diyanet_1 2026 1 15 38.4237 27.1428 0 1 1768449120 1768454400 1768472880 1768484340 1768490640 1768495500
Izmir_20260115_mwl_0 2026 1 15 38.4237 27.1428 1 0 1768449240 1768454820 1768472520 1768481760 1768490100 1768495380
Izmir_20260115_umm_al_qura_0 2026 1 15 38.4237 27.1428 3 0 1768449060 1768454820 1768472460 1768481760 1768490100 1768495500
Izmir_20260115_moonsighting_0 2026 1 15 38.4237 27.1428 6 0 1768449240 1768454820 1768472760 1768481760 1768490280 1768495380
Mecca_20260115_diyanet_0 2026 1 15 21.4225 39.8262 0 0 1768444860 1768449240 1768469820 1768480920 1768489680 1768493700
Mecca_20260115_diyanet_1 2026 1 15 21.4225 39.8262 0 1 1768444860 1768449240 1768469820 1768483680 1768489680 1768493700
Mecca_20260115_mwl_0 2026 1 15 21.4225 39.8262 1 0 1768444980 1768449660 1768469460 1768480680 1768489140 1768493580
Mecca_20260115_umm_al_qura_0 2026 1 15 21.4225 39.8262 3 0 1768444860 1768449660 1768469400 1768480680 1768489140 1768494540
Mecca_20260115_moonsighting_0 2026 1 15 21.4225 39.8262 6 0 1768444980 1768449660 1768469700 1768480680 1768489320 1768493820
London_20260115_diyanet_0 2026 1 15 51.5074 -0.1278 0 0 1768456620 1768463520 1768479420 1768485960 1768494600 1768501020
London_20260115_diyanet_1 2026 1 15 51.5074 -0.1278 0 1 1768456620 1768463520 1768479420 1768487880 1768494600 1768501020
London_20260115_mwl_0 2026 1 15 51.5074 -0.1278 1 0 1768456740 1768463940 1768479060 1768485720 1768494060 1768500900
London_20260115_umm_al_qura_0 2026 1 15 51.5074 -0.1278 3 0 1768456560 1768463940 1768479000 1768485720 1768494060 1768499460
London_20260115_moonsighting_0 2026 1 15 51.5074 -0.1278 6 0 1768458000 1768463940 1768479300 1768485720 1768494240 1768499640
NewYork_20260115_diyanet_0 2026 1 15 40.7128 -74.0060 0 0 1768473540 1768479060 1768497180 1768505940 1768514520 1768519620
NewYork_20260115_diyanet_1 2026 1 15 40.7128 -74.0060 0 1 1768473540 1768479060 1768497180 1768508220 1768514520 1768519620
NewYork_20260115_mwl_0 2026 1 15 40.7128 -74.0060 1 0 1768473660 1768479480 1768496820 1768505700 1768513980 1768519500
NewYork_20260115_umm_al_qura_0 2026 1 15 40.7128 -74.0060 3 0 1768473540 1768479480 1768496760 1768505700 1768513980 1768519380
NewYork_20260115_moonsighting_0 2026 1 15 40.7128 -74.0060 6 0 1768473840 1768479480 1768497060 1768505700 1768514160 1768519380
Oslo_20260115_diyanet_0 2026 1 15 59.9139 10.7522 0 0 1768454760 1768463820 1768476780 1768480920 1768489080 1768497600
Oslo_20260115_diyanet_1 2026 1 15 59.9139 10.7522 0 1 1768454760 1768463820 1768476780 1768482240 1768489080 1768497600
Oslo_20260115_mwl_0 2026 1 15 59.9139 10.7522 1 0 1768454880 1768464240 1768476420 1768480680 1768488540 1768497480
Oslo_20260115_umm_al_qura_0 2026 1 15 59.9139 10.7522 3 0 1768454640 1768464240 1768476360 1768480680 1768488540 1768493940
Oslo_20260115_moonsighting_0 2026 1 15 59.9139 10.7522 6 0 1768458060 1768464240 1768476660 1768480680 1768488720 1768494300
Sydney_20260115_diyanet_0 2026 1 15 -33.8688 151.2093 0 0 1768411020 1768416720 1768443060 1768456380 1768468680 1768473900
Sydney_20260115_diyanet_1 2026 1 15 -33.8688 151.2093 0 1 1768411020 1768416720 1768443060 1768460760 1768468680 1768473900
Sydney_20260115_mwl_0 2026 1 15 -33.8688 151.2093 1 0 1768411140 1768417140 1768442700 1768456140 1768468140 1768473780
Sydney_20260115_umm_al_qura_0 2026 1 15 -33.8688 151.2093 3 0 1768410960 1768417140 1768442640 1768456140 1768468140 1768473540
Sydney_20260115_moonsighting_0 2026 1 15 -33.8688 151.2093 6 0 1768411200 1768417140 1768442940 1768456140 1768468320 1768472580
Istanbul_20260228_diyanet_0 2026 2 28 41.0082 28.9784 0 0 1772248020 1772253180 1772274240 1772285280 1772294580 1772299320
Istanbul_20260228_diyanet_1 2026 2 28 41.0082 28.9784 0 1 1772248020 1772253180 1772274240 1772288040 1772294580 1772299320
Istanbul_20260228_mwl_0 2026 2 28 41.0082 28.9784 1 0 1772248140 1772253600 1772273880 1772285040 1772294040 1772299200
Istanbul_20260228_isna_0 2026 2 28 41.0082 28.9784 2 0 1772249100 1772253600 1772273880 1772285040 1772294040 1772298540
Istanbul_20260228_umm_al_qura_0 2026 2 28 41.0082 28.9784 3 0 1772247960 1772253600 1772273820 1772285040 1772294040 1772299440
Istanbul_20260228_egyptian_0 2026 2 28 41.0082 28.9784 4 0 1772247660 1772253600 1772273880 1772285040 1772294040 1772299320
Istanbul_20260228_karachi_0 2026 2 28 41.0082 28.9784 5 0 1772248140 1772253600 1772273880 1772285040 1772294040 1772299500
Istanbul_20260228_karachi_1 2026 2 28 41.0082 28.9784 5 1 1772248140 1772253600 1772273880 1772287800 1772294040 1772299500
Istanbul_20260228_moonsighting_0 2026 2 28 41.0082 28.9784 6 0 1772248140 1772253600 1772274120 1772285040 1772294220 1772298840
Istanbul_20260228_kuwait_0 2026 2 28 41.0082 28.9784 7 0 1772248140 1772253600 1772273820 1772285040 1772294040 1772299320
Istanbul_20260228_qatar_0 2026 2 28 41.0082 28.9784 8 0 1772248140 1772253600 1772273820 1772285040 1772294040 1772299440
Istanbul_20260228_singapore_0 2026 2 28 41.0082 28.9784 9 0 1772247480 1772253600 1772273880 1772285040 1772294040 1772299500
Istanbul_20260228_uoif_0 2026 2 28 41.0082 28.9784 10 0 1772250060 1772253600 1772273820 1772285040 1772294040 1772297580
Istanbul_20260228_dubai_0 2026 2 28 41.0082 28.9784 11 0 1772248080 1772253420 1772274000 1772285220 1772294220 1772299560
Ankara_20260228_diyanet_0 2026 2 28 39.9334 32.8597 0 0 1772247120 1772252220 1772273280 1772284440 1772293680 1772298360
Ankara_20260228_diyanet_1 2026 2 28 39.9334 32.8597 0 1 1772247120 1772252220 1772273280 1772287200 1772293680 1772298360
Ankara_20260228_mwl_0 2026 2 28 39.9334 32.8597 1 0 1772247240 1772252640 1772272920 1772284200 1772293140 1772298240
Ankara_20260228_umm_al_qura_0 2026 2 28 39.9334 32.8597 3 0 1772247060 1772252640 1772272860 1772284200 1772293140 1772298540
Ankara_20260228_moonsighting_0 2026 2 28 39.9334 32.8597 6 0 1772247240 1772252640 1772273160 1772284200 1772293320 1772298000
Izmir_20260228_diyanet_0 2026 2 28 38.4237 27.1428 0 0 1772248500 1772253480 1772274660 1772285940 1772295120 1772299680
Izmir_20260228_diyanet_1 2026 2 28 38.4237 27.1428 0 1 1772248500 1772253480 1772274660 1772288700 1772295120 1772299680
Izmir_20260228_mwl_0 2026 2 28 38.4237 27.1428 1 0 1772248620 1772253900 1772274300 1772285700 1772294580 1772299560
Izmir_20260228_umm_al_qura_0 2026 2 28 38.4237 27.1428 3 0 1772248500 1772253900 1772274240 1772285700 1772294580 1772299980
Izmir_20260228_moonsighting_0 2026 2 28 38.4237 27.1428 6 0 1772248620 1772253900 1772274540 1772285700 1772294760 1772299440
Mecca_20260228_diyanet_0 2026 2 28 21.4225 39.8262 0 0 1772245560 1772249700 1772271600 1772283540 1772292780 1772296560
Mecca_20260228_diyanet_1 2026 2 28 21.4225 39.8262 0 1 1772245560 1772249700 1772271600 1772286660 1772292780 1772296560
Mecca_20260228_mwl_0 2026 2 28 21.4225 39.8262 1 0 1772245680 1772250120 1772271240 1772283300 1772292240 1772296440
Mecca_20260228_umm_al_qura_0 2026 2 28 21.4225 39.8262 3 0 1772245560 1772250120 1772271180 1772283300 1772292240 1772297640
Mecca_20260228_moonsighting_0 2026 2 28 21.4225 39.8262 6 0 1772245680 1772250120 1772271480 1772283300 1772292420 1772296740
London_20260228_diyanet_0 2026 2 28 51.5074 -0.1278 0 0 1772254500 1772260860 1772281200 1772291280 1772300880 1772306760
London_20260228_diyanet_1 2026 2 28 51.5074 -0.1278 0 1 1772254500 1772260860 1772281200 1772293860 1772300880 1772306760
London_20260228_mwl_0 2026 2 28 51.5074 -0.1278 1 0 1772254620 1772261280 1772280840 1772291040 1772300340 1772306640
London_20260228_umm_al_qura_0 2026 2 28 51.5074 -0.1278 3 0 1772254440 1772261280 1772280780 1772291040 1772300340 1772305740
London_20260228_moonsighting_0 2026 2 28 51.5074 -0.1278 6 0 1772255580 1772261280 1772281080 1772291040 1772300520 1772305260
NewYork_20260228_diyanet_0 2026 2 28 40.7128 -74.0060 0 0 1772272740 1772277840 1772298900 1772310060 1772319300 1772324040
NewYork_20260228_diyanet_1 2026 2 28 40.7128 -74.0060 0 1 1772272740 1772277840 1772298900 1772312820 1772319300 1772324040
NewYork_20260228_mwl_0 2026 2 28 40.7128 -74.0060 1 0 1772272860 1772278260 1772298540 1772309820 1772318760 1772323920
NewYork_20260228_umm_al_qura_0 2026 2 28 40.7128 -74.0060 3 0 1772272680 1772278260 1772298480 1772309820 1772318760 1772324160
NewYork_20260228_moonsighting_0 2026 2 28 40.7128 -74.0060 6 0 1772272860 1772278260 1772298780 1772309820 1772318940 1772323620
Oslo_20260228_diyanet_0 2026 2 28 59.9139 10.7522 0 0 1772251080 1772259060 1772278560 1772287380 1772297460 1772304840
Oslo_20260228_diyanet_1 2026 2 28 59.9139 10.7522 0 1 1772251080 1772259060 1772278560 1772289780 1772297460 1772304840
Oslo_20260228_mwl_0 2026 2 28 59.9139 10.7522 1 0 1772251200 1772259480 1772278200 1772287140 1772296920 1772304720
Oslo_20260228_umm_al_qura_0 2026 2 28 59.9139 10.7522 3 0 1772250960 1772259480 1772278140 1772287140 1772296920 1772302320
Oslo_20260228_moonsighting_0 2026 2 28 59.9139 10.7522 6 0 1772253600 1772259480 1772278440 1772287140 1772297100 1772301900
Sydney_20260228_diyanet_0 2026 2 28 -33.8688 151.2093 0 0 1772215980 1772220900 1772244900 1772257680 1772268120 1772272560
Sydney_20260228_diyanet_1 2026 2 28 -33.8688 151.2093 0 1 1772215980 1772220900 1772244900 1772261220 1772268120 1772272560
Sydney_20260228_mwl_0 2026 2 28 -33.8688 151.2093 1 0 1772216100 1772221320 1772244540 1772257440 1772267580 1772272440
Sydney_20260228_umm_al_qura_0 2026 2 28 -33.8688 151.2093 3 0 1772215980 1772221320 1772244480 1772257440 1772267580 1772272980
Sydney_20260228_moonsighting_0 2026 2 28 -33.8688 151.2093 6 0 1772216100 1772221320 1772244780 1772257440 1772267760 1772271960
Istanbul_20260301_diyanet_0 2026 3 1 41.0082 28.9784 0 0 1772334300 1772339520 1772360580 1772371740 1772381040 1772385780
Istanbul_20260301_diyanet_1 2026 3 1 41.0082 28.9784 0 1 1772334300 1772339520 1772360580 1772374500 1772381040 1772385780
Istanbul_20260301_mwl_0 2026 3 1 41.0082 28.9784 1 0 1772334420 1772339940 1772360220 1772371500 1772380500 1772385660
Istanbul_20260301_isna_0 2026 3 1 41.0082 28.9784 2 0 1772335380 1772339940 1772360220 1772371500 1772380500 1772385000
Istanbul_20260301_umm_al_qura_0 2026 3 1 41.0082 28.9784 3 0 1772334300 1772339940 1772360160 1772371500 1772380500 1772385900
Istanbul_20260301_egyptian_0 2026 3 1 41.0082 28.9784 4 0 1772333940 1772339940 1772360220 1772371500 1772380500 1772385840
Istanbul_20260301_karachi_0 2026 3 1 41.0082 28.9784 5 0 1772334420 1772339940 1772360220 1772371500 1772380500 1772385960
Istanbul_20260301_karachi_1 2026 3 1 41.0082 28.9784 5 1 1772334420 1772339940 1772360220 1772374260 1772380500 1772385960
Istanbul_20260301_moonsighting_0 2026 3 1 41.0082 28.9784 6 0 1772334480 1772339940 1772360460 1772371500 1772380680 1772385300
Istanbul_20260301_kuwait_0 2026 3 1 41.0082 28.9784 7 0 1772334420 1772339940 1772360160 1772371500 1772380500 1772385840
Istanbul_20260301_qatar_0 2026 3 1 41.0082 28.9784 8 0 1772334420 1772339940 1772360160 1772371500 1772380500 1772385900
Istanbul_20260301_singapore_0 2026 3 1 41.0082 28.9784 9 0 1772333820 1772339940 1772360220 1772371500 1772380500 1772385960
Istanbul_20260301_uoif_0 2026 3 1 41.0082 28.9784 10 0 1772336340 1772339940 1772360160 1772371500 1772380500 1772384040
Istanbul_20260301_dubai_0 2026 3 1 41.0082 28.9784 11 0 1772334360 1772339760 1772360340 1772371680 1772380680 1772386020
Ankara_20260301_diyanet_0 2026 3 1 39.9334 32.8597 0 0 1772333400 1772338500 1772359680 1772370900 1772380140 1772384820
Ankara_20260301_diyanet_1 2026 3 1 39.9334 32.8597 0 1 1772333400 1772338500 1772359680 1772373660 1772380140 1772384820
Ankara_20260301_mwl_0 2026 3 1 39.9334 32.8597 1 0 1772333520 1772338920 1772359320 1772370660 1772379600 1772384700
Ankara_20260301_umm_al_qura_0 2026 3 1 39.9334 32.8597 3 0 1772333400 1772338920 1772359260 1772370660 1772379600 1772385000
Ankara_20260301_moonsighting_0 2026 3 1 39.9334 32.8597 6 0 1772333520 1772338920 1772359560 1772370660 1772379780 1772384460
Izmir_20260301_diyanet_0 2026 3 1 38.4237 27.1428 0 0 1772334840 1772339820 1772361060 1772372340 1772381580 1772386140
Izmir_20260301_diyanet_1 2026 3 1 38.4237 27.1428 0 1 1772334840 1772339820 1772361060 1772375160 1772381580 1772386140
Izmir_20260301_mwl_0 2026 3 1 38.4237 27.1428 1 0 1772334960 1772340240 1772360700 1772372100 1772381040 1772386020
Izmir_20260301_umm_al_qura_0 2026 3 1 38.4237 27.1428 3 0 1772334780 1772340240 1772360640 1772372100 1772381040 1772386440
Izmir_20260301_moonsighting_0 2026 3 1 38.4237 27.1428 6 0 1772334960 1772340240 1772360940 1772372100 1772381220 1772385900
Mecca_20260301_diyanet_0 2026 3 1 21.4225 39.8262 0 0 1772331900 1772336040 1772358000 1772369940 1772379240 1772383020
Mecca_20260301_diyanet_1 2026 3 1 21.4225 39.8262 0 1 1772331900 1772336040 1772358000 1772373060 1772379240 1772383020
Mecca_20260301_mwl_0 2026 3 1 21.4225 39.8262 1 0 1772332020 1772336460 1772357640 1772369700 1772378700 1772382900
Mecca_20260301_umm_al_qura_0 2026 3 1 21.4225 39.8262 3 0 1772331900 1772336460 1772357580 1772369700 1772378700 1772384100
Mecca_20260301_moonsighting_0 2026 3 1 21.4225 39.8262 6 0 1772332020 1772336460 1772357880 1772369700 1772378880 1772383140
London_20260301_diyanet_0 2026 3 1 51.5074 -0.1278 0 0 1772340780 1772347140 1772367600 1772377740 1772387400 1772393220
London_20260301_diyanet_1 2026 3 1 51.5074 -0.1278 0 1 1772340780 1772347140 1772367600 1772380380 1772387400 1772393220
London_20260301_mwl_0 2026 3 1 51.5074 -0.1278 1 0 1772340900 1772347560 1772367240 1772377500 1772386860 1772393100
London_20260301_umm_al_qura_0 2026 3 1 51.5074 -0.1278 3 0 1772340720 1772347560 1772367180 1772377500 1772386860 1772392260
London_20260301_moonsighting_0 2026 3 1 51.5074 -0.1278 6 0 1772341860 1772347560 1772367480 1772377500 1772387040 1772391780
NewYork_20260301_diyanet_0 2026 3 1 40.7128 -74.0060 0 0 1772359020 1772364180 1772385300 1772396520 1772405760 1772410500
NewYork_20260301_diyanet_1 2026 3 1 40.7128 -74.0060 0 1 1772359020 1772364180 1772385300 1772399280 1772405760 1772410500
NewYork_20260301_mwl_0 2026 3 1 40.7128 -74.0060 1 0 1772359140 1772364600 1772384940 1772396280 1772405220 1772410380
NewYork_20260301_umm_al_qura_0 2026 3 1 40.7128 -74.0060 3 0 1772358960 1772364600 1772384880 1772396280 1772405220 1772410620
NewYork_20260301_moonsighting_0 2026 3 1 40.7128 -74.0060 6 0 1772359140 1772364600 1772385180 1772396280 1772405400 1772410080
Oslo_20260301_diyanet_0 2026 3 1 59.9139 10.7522 0 0 1772337300 1772345280 1772364960 1772373900 1772383980 1772391420
Oslo_20260301_diyanet_1 2026 3 1 59.9139 10.7522 0 1 1772337300 1772345280 1772364960 1772376300 1772383980 1772391420
Oslo_20260301_mwl_0 2026 3 1 59.9139 10.7522 1 0 1772337420 1772345700 1772364600 1772373660 1772383440 1772391300
Oslo_20260301_umm_al_qura_0 2026 3 1 59.9139 10.7522 3 0 1772337180 1772345700 1772364540 1772373660 1772383440 1772388840
Oslo_20260301_moonsighting_0 2026 3 1 59.9139 10.7522 6 0 1772339820 1772345700 1772364840 1772373660 1772383620 1772388420
Sydney_20260301_diyanet_0 2026 3 1 -33.8688 151.2093 0 0 1772302440 1772307360 1772331300 1772344080 1772354460 1772358900
Sydney_20260301_diyanet_1 2026 3 1 -33.8688 151.2093 0 1 1772302440 1772307360 1772331300 1772347560 1772354460 1772358900
Sydney_20260301_mwl_0 2026 3 1 -33.8688 151.2093 1 0 1772302560 1772307780 1772330940 1772343840 1772353920 1772358780
Sydney_20260301_umm_al_qura_0 2026 3 1 -33.8688 151.2093 3 0 1772302440 1772307780 1772330880 1772343840 1772353920 1772359320
Sydney_20260301_moonsighting_0 2026 3 1 -33.8688 151.2093 6 0 1772302560 1772307780 1772331180 1772343840 1772354100 1772358300
Istanbul_20260621_diyanet_0 2026 6 21 41.0082 28.9784 0 0 1782001320 1782008700 1782036780 1782051060 1782064140 1782070800
Istanbul_20260621_diyanet_1 2026 6 21 41.0082 28.9784 0 1 1782001320 1782008700 1782036780 1782055500 1782064140 1782070800
Istanbul_20260621_mwl_0 2026 6 21 41.0082 28.9784 1 0 1782001440 1782009120 1782036420 1782050820 1782063600 1782070680
Istanbul_20260621_isna_0 2026 6 21 41.0082 28.9784 2 0 1782003060 1782009120 1782036420 1782050820 1782063600 1782069660
Istanbul_20260621_umm_al_qura_0 2026 6 21 41.0082 28.9784 3 0 1782001140 1782009120 1782036360 1782050820 1782063600 1782069000
Istanbul_20260621_egyptian_0 2026 6 21 41.0082 28.9784 4 0 1782000540 1782009120 1782036420 1782050820 1782063600 1782070980
Istanbul_20260621_karachi_0 2026 6 21 41.0082 28.9784 5 0 1782001440 1782009120 1782036420 1782050820 1782063600 1782071280
Istanbul_20260621_karachi_1 2026 6 21 41.0082 28.9784 5 1 1782001440 1782009120 1782036420 1782055260 1782063600 1782071280
Istanbul_20260621_moonsighting_0 2026 6 21 41.0082 28.9784 6 0 1782002460 1782009120 1782036660 1782050820 1782063780 1782068340
Istanbul_20260621_kuwait_0 2026 6 21 41.0082 28.9784 7 0 1782001440 1782009120 1782036360 1782050820 1782063600 1782070980
Istanbul_20260621_qatar_0 2026 6 21 41.0082 28.9784 8 0 1782001440 1782009120 1782036360 1782050820 1782063600 1782069000
Istanbul_20260621_singapore_0 2026 6 21 41.0082 28.9784 9 0 1782000240 1782009120 1782036420 1782050820 1782063600 1782071280
Istanbul_20260621_uoif_0 2026 6 21 41.0082 28.9784 10 0 1782004500 1782009120 1782036360 1782050820 1782063600 1782068160
Istanbul_20260621_dubai_0 2026 6 21 41.0082 28.9784 11 0 1782001320 1782008940 1782036540 1782051000 1782063780 1782071400
Ankara_20260621_diyanet_0 2026 6 21 39.9334 32.8597 0 0 1782000900 1782007980 1782035820 1782049980 1782063000 1782069420
Ankara_20260621_diyanet_1 2026 6 21 39.9334 32.8597 0 1 1782000900 1782007980 1782035820 1782054420 1782063000 1782069420
Ankara_20260621_mwl_0 2026 6 21 39.9334 32.8597 1 0 1782001020 1782008400 1782035460 1782049740 1782062460 1782069300
Ankara_20260621_umm_al_qura_0 2026 6 21 39.9334 32.8597 3 0 1782000720 1782008400 1782035400 1782049740 1782062460 1782067860
Ankara_20260621_moonsighting_0 2026 6 21 39.9334 32.8597 6 0 1782001800 1782008400 1782035700 1782049740 1782062640 1782067200
Izmir_20260621_diyanet_0 2026 6 21 38.4237 27.1428 0 0 1782002880 1782009660 1782037200 1782051180 1782064080 1782070200
Izmir_20260621_diyanet_1 2026 6 21 38.4237 27.1428 0 1 1782002880 1782009660 1782037200 1782055620 1782064080 1782070200
Izmir_20260621_mwl_0 2026 6 21 38.4237 27.1428 1 0 1782003000 1782010080 1782036840 1782050940 1782063540 1782070080
Izmir_20260621_umm_al_qura_0 2026 6 21 38.4237 27.1428 3 0 1782002760 1782010080 1782036780 1782050940 1782063540 1782068940
Izmir_20260621_moonsighting_0 2026 6 21 38.4237 27.1428 6 0 1782003540 1782010080 1782037080 1782050940 1782063720 1782068280
Mecca_20260621_diyanet_0 2026 6 21 21.4225 39.8262 0 0 1782004320 1782009120 1782034140 1782045960 1782058500 1782062880
Mecca_20260621_diyanet_1 2026 6 21 21.4225 39.8262 0 1 1782004320 1782009120 1782034140 1782050760 1782058500 1782062880
Mecca_20260621_mwl_0 2026 6 21 21.4225 39.8262 1 0 1782004440 1782009540 1782033780 1782045720 1782057960 1782062760
Mecca_20260621_umm_al_qura_0 2026 6 21 21.4225 39.8262 3 0 1782004260 1782009540 1782033720 1782045720 1782057960 1782063360
Mecca_20260621_moonsighting_0 2026 6 21 21.4225 39.8262 6 0 1782004440 1782009540 1782034020 1782045720 1782058140 1782062580
London_20260621_diyanet_0 2026 6 21 51.5074 -0.1278 0 0 1782000000 1782012960 1782043740 1782059340 1782073860 1782086640
London_20260621_diyanet_1 2026 6 21 51.5074 -0.1278 0 1 1782000000 1782012960 1782043740 1782063840 1782073860 1782086640
London_20260621_mwl_0 2026 6 21 51.5074 -0.1278 1 0 1782000120 1782013380 1782043380 1782059100 1782073320 1782086520
London_20260621_umm_al_qura_0 2026 6 21 51.5074 -0.1278 3 0 1782000120 1782013380 1782043320 1782059100 1782073320 1782078720
London_20260621_moonsighting_0 2026 6 21 51.5074 -0.1278 6 0 1782006180 1782013380 1782043620 1782059100 1782073500 1782078120
NewYork_20260621_diyanet_0 2026 6 21 40.7128 -74.0060 0 0 1782026220 1782033480 1782061500 1782075720 1782088800 1782095400
NewYork_20260621_diyanet_1 2026 6 21 40.7128 -74.0060 0 1 1782026220 1782033480 1782061500 1782080160 1782088800 1782095400
NewYork_20260621_mwl_0 2026 6 21 40.7128 -74.0060 1 0 1782026340 1782033900 1782061140 1782075480 1782088260 1782095280
NewYork_20260621_umm_al_qura_0 2026 6 21 40.7128 -74.0060 3 0 1782026040 1782033900 1782061080 1782075480 1782088260 1782093660
NewYork_20260621_moonsighting_0 2026 6 21 40.7128 -74.0060 6 0 1782027300 1782033900 1782061380 1782075480 1782088440 1782093000
Oslo_20260621_diyanet_0 2026 6 21 59.9139 10.7522 0 0 1781997420 1782006420 1782041160 1782057840 1782075180 1782084060
Oslo_20260621_diyanet_1 2026 6 21 59.9139 10.7522 0 1 1781997420 1782006420 1782041160 1782062580 1782075180 1782084060
Oslo_20260621_mwl_0 2026 6 21 59.9139 10.7522 1 0 1781997540 1782006840 1782040800 1782057600 1782074640 1782083940
Oslo_20260621_umm_al_qura_0 2026 6 21 59.9139 10.7522 3 0 1781997540 1782006840 1782040740 1782057600 1782074640 1782080040
Oslo_20260621_moonsighting_0 2026 6 21 59.9139 10.7522 6 0 1782004140 1782006840 1782041040 1782057600 1782074820 1782077280
Sydney_20260621_diyanet_0 2026 6 21 -33.8688 151.2093 0 0 1781983740 1781988780 1782007440 1782016800 1782025380 1782030000
Sydney_20260621_diyanet_1 2026 6 21 -33.8688 151.2093 0 1 1781983740 1781988780 1782007440 1782019200 1782025380 1782030000
Sydney_20260621_mwl_0 2026 6 21 -33.8688 151.2093 1 0 1781983860 1781989200 1782007080 1782016560 1782024840 1782029880
Sydney_20260621_umm_al_qura_0 2026 6 21 -33.8688 151.2093 3 0 1781983680 1781989200 1782007020 1782016560 1782024840 1782030240
Sydney_20260621_moonsighting_0 2026 6 21 -33.8688 151.2093 6 0 1781983860 1781989200 1782007320 1782016560 1782025020 1782030180
Istanbul_20260904_diyanet_0 2026 9 4 41.0082 28.9784 0 0 1788486900 1788492420 1788516600 1788529500 1788540060 1788545040
Istanbul_20260904_diyanet_1 2026 9 4 41.0082 28.9784 0 1 1788486900 1788492420 1788516600 1788532920 1788540060 1788545040
Istanbul_20260904_mwl_0 2026 9 4 41.0082 28.9784 1 0 1788487020 1788492840 1788516240 1788529260 1788539520 1788544920
Istanbul_20260904_isna_0 2026 9 4 41.0082 28.9784 2 0 1788488100 1788492840 1788516240 1788529260 1788539520 1788544200
Istanbul_20260904_umm_al_qura_0 2026 9 4 41.0082 28.9784 3 0 1788486840 1788492840 1788516180 1788529260 1788539520 1788544920
Istanbul_20260904_egyptian_0 2026 9 4 41.0082 28.9784 4 0 1788486480 1788492840 1788516240 1788529260 1788539520 1788545100
Istanbul_20260904_karachi_0 2026 9 4 41.0082 28.9784 5 0 1788487020 1788492840 1788516240 1788529260 1788539520 1788545280
Istanbul_20260904_karachi_1 2026 9 4 41.0082 28.9784 5 1 1788487020 1788492840 1788516240 1788532680 1788539520 1788545280
Istanbul_20260904_moonsighting_0 2026 9 4 41.0082 28.9784 6 0 1788487200 1788492840 1788516480 1788529260 1788539700 1788543900
Istanbul_20260904_kuwait_0 2026 9 4 41.0082 28.9784 7 0 1788487020 1788492840 1788516180 1788529260 1788539520 1788545100
Istanbul_20260904_qatar_0 2026 9 4 41.0082 28.9784 8 0 1788487020 1788492840 1788516180 1788529260 1788539520 1788544920
Istanbul_20260904_singapore_0 2026 9 4 41.0082 28.9784 9 0 1788486300 1788492840 1788516240 1788529260 1788539520 1788545280
Istanbul_20260904_uoif_0 2026 9 4 41.0082 28.9784 10 0 1788489120 1788492840 1788516180 1788529260 1788539520 1788543180
Istanbul_20260904_dubai_0 2026 9 4 41.0082 28.9784 11 0 1788486960 1788492660 1788516360 1788529440 1788539700 1788545340
Ankara_20260904_diyanet_0 2026 9 4 39.9334 32.8597 0 0 1788486120 1788491520 1788515700 1788528600 1788539100 1788543960
Ankara_20260904_diyanet_1 2026 9 4 39.9334 32.8597 0 1 1788486120 1788491520 1788515700 1788532020 1788539100 1788543960
Ankara_20260904_mwl_0 2026 9 4 39.9334 32.8597 1 0 1788486240 1788491940 1788515340 1788528360 1788538560 1788543840
Ankara_20260904_umm_al_qura_0 2026 9 4 39.9334 32.8597 3 0 1788486120 1788491940 1788515280 1788528360 1788538560 1788543960
Ankara_20260904_moonsighting_0 2026 9 4 39.9334 32.8597 6 0 1788486360 1788491940 1788515580 1788528360 1788538740 1788542940
Izmir_20260904_diyanet_0 2026 9 4 38.4237 27.1428 0 0 1788487740 1788492960 1788517020 1788529920 1788540360 1788545100
Izmir_20260904_diyanet_1 2026 9 4 38.4237 27.1428 0 1 1788487740 1788492960 1788517020 1788533340 1788540360 1788545100
Izmir_20260904_mwl_0 2026 9 4 38.4237 27.1428 1 0 1788487860 1788493380 1788516660 1788529680 1788539820 1788544980
Izmir_20260904_umm_al_qura_0 2026 9 4 38.4237 27.1428 3 0 1788487680 1788493380 1788516600 1788529680 1788539820 1788545220
Izmir_20260904_moonsighting_0 2026 9 4 38.4237 27.1428 6 0 1788487860 1788493380 1788516900 1788529680 1788540000 1788544200
Mecca_20260904_diyanet_0 2026 9 4 21.4225 39.8262 0 0 1788486420 1788490680 1788514020 1788526080 1788536580 1788540420
Mecca_20260904_diyanet_1 2026 9 4 21.4225 39.8262 0 1 1788486420 1788490680 1788514020 1788529920 1788536580 1788540420
Mecca_20260904_mwl_0 2026 9 4 21.4225 39.8262 1 0 1788486540 1788491100 1788513660 1788525840 1788536040 1788540300
Mecca_20260904_umm_al_qura_0 2026 9 4 21.4225 39.8262 3 0 1788486420 1788491100 1788513600 1788525840 1788536040 1788541440
Mecca_20260904_moonsighting_0 2026 9 4 21.4225 39.8262 6 0 1788486540 1788491100 1788513900 1788525840 1788536220 1788540480
London_20260904_diyanet_0 2026 9 4 51.5074 -0.1278 0 0 1788491580 1788498660 1788523620 1788536520 1788547740 1788554160
London_20260904_diyanet_1 2026 9 4 51.5074 -0.1278 0 1 1788491580 1788498660 1788523620 1788539940 1788547740 1788554160
London_20260904_mwl_0 2026 9 4 51.5074 -0.1278 1 0 1788491700 1788499080 1788523260 1788536280 1788547200 1788554040
London_20260904_umm_al_qura_0 2026 9 4 51.5074 -0.1278 3 0 1788491460 1788499080 1788523200 1788536280 1788547200 1788552600
London_20260904_moonsighting_0 2026 9 4 51.5074 -0.1278 6 0 1788493200 1788499080 1788523500 1788536280 1788547380 1788551580
NewYork_20260904_diyanet_0 2026 9 4 40.7128 -74.0060 0 0 1788511680 1788517140 1788541320 1788554220 1788564720 1788569700
NewYork_20260904_diyanet_1 2026 9 4 40.7128 -74.0060 0 1 1788511680 1788517140 1788541320 1788557640 1788564720 1788569700
NewYork_20260904_mwl_0 2026 9 4 40.7128 -74.0060 1 0 1788511800 1788517560 1788540960 1788553980 1788564180 1788569580
NewYork_20260904_umm_al_qura_0 2026 9 4 40.7128 -74.0060 3 0 1788511620 1788517560 1788540900 1788553980 1788564180 1788569580
NewYork_20260904_moonsighting_0 2026 9 4 40.7128 -74.0060 6 0 1788511980 1788517560 1788541200 1788553980 1788564360 1788568560
Oslo_20260904_diyanet_0 2026 9 4 59.9139 10.7522 0 0 1788485100 1788495120 1788520980 1788533760 1788546060 1788554940
Oslo_20260904_diyanet_1 2026 9 4 59.9139 10.7522 0 1 1788485100 1788495120 1788520980 1788537180 1788546060 1788554940
Oslo_20260904_mwl_0 2026 9 4 59.9139 10.7522 1 0 1788485220 1788495540 1788520620 1788533520 1788545520 1788554820
Oslo_20260904_umm_al_qura_0 2026 9 4 59.9139 10.7522 3 0 1788484800 1788495540 1788520560 1788533520 1788545520 1788550920
Oslo_20260904_moonsighting_0 2026 9 4 59.9139 10.7522 6 0 1788490320 1788495540 1788520860 1788533520 1788545700 1788549840
Sydney_20260904_diyanet_0 2026 9 4 -33.8688 151.2093 0 0 1788461100 1788465780 1788487260 1788498840 1788508080 1788512340
Sydney_20260904_diyanet_1 2026 9 4 -33.8688 151.2093 0 1 1788461100 1788465780 1788487260 1788501780 1788508080 1788512340
Sydney_20260904_mwl_0 2026 9 4 -33.8688 151.2093 1 0 1788461220 1788466200 1788486900 1788498600 1788507540 1788512220
Sydney_20260904_umm_al_qura_0 2026 9 4 -33.8688 151.2093 3 0 1788461100 1788466200 1788486840 1788498600 1788507540 1788512940
Sydney_20260904_moonsighting_0 2026 9 4 -33.8688 151.2093 6 0 1788461220 1788466200 1788487140 1788498600 1788507720 1788512280
Istanbul_20261221_diyanet_0 2026 12 21 41.0082 28.9784 0 0 1797824640 1797830280 1797847740 1797855900 1797864480 1797869700
Istanbul_20261221_diyanet_1 2026 12 21 41.0082 28.9784 0 1 1797824640 1797830280 1797847740 1797858120 1797864480 1797869700
Istanbul_20261221_mwl_0 2026 12 21 41.0082 28.9784 1 0 1797824760 1797830700 1797847380 1797855660 1797863940 1797869580
Istanbul_20261221_isna_0 2026 12 21 41.0082 28.9784 2 0 1797825780 1797830700 1797847380 1797855660 1797863940 1797868920
Istanbul_20261221_umm_al_qura_0 2026 12 21 41.0082 28.9784 3 0 1797824580 1797830700 1797847320 1797855660 1797863940 1797869340
Istanbul_20261221_egyptian_0 2026 12 21 41.0082 28.9784 4 0 1797824280 1797830700 1797847380 1797855660 1797863940 1797869700
Istanbul_20261221_karachi_0 2026 12 21 41.0082 28.9784 5 0 1797824760 1797830700 1797847380 1797855660 1797863940 1797869880
Istanbul_20261221_karachi_1 2026 12 21 41.0082 28.9784 5 1 1797824760 1797830700 1797847380 1797857880 1797863940 1797869880
Istanbul_20261221_moonsighting_0 2026 12 21 41.0082 28.9784 6 0 1797824940 1797830700 1797847620 1797855660 1797864120 1797869580
Istanbul_20261221_kuwait_0 2026 12 21 41.0082 28.9784 7 0 1797824760 1797830700 1797847320 1797855660 1797863940 1797869700
Istanbul_20261221_qatar_0 2026 12 21 41.0082 28.9784 8 0 1797824760 1797830700 1797847320 1797855660 1797863940 1797869340
Istanbul_20261221_singapore_0 2026 12 21 41.0082 28.9784 9 0 1797824100 1797830700 1797847380 1797855660 1797863940 1797869880
Istanbul_20261221_uoif_0 2026 12 21 41.0082 28.9784 10 0 1797826800 1797830700 1797847320 1797855660 1797863940 1797867900
Istanbul_20261221_dubai_0 2026 12 21 41.0082 28.9784 11 0 1797824700 1797830520 1797847500 1797855840 1797864120 1797869940
Ankara_20261221_diyanet_0 2026 12 21 39.9334 32.8597 0 0 1797823620 1797829200 1797846840 1797855180 1797863760 1797868860
Ankara_20261221_diyanet_1 2026 12 21 39.9334 32.8597 0 1 1797823620 1797829200 1797846840 1797857400 1797863760 1797868860
Ankara_20261221_mwl_0 2026 12 21 39.9334 32.8597 1 0 1797823740 1797829620 1797846480 1797854940 1797863220 1797868740
Ankara_20261221_umm_al_qura_0 2026 12 21 39.9334 32.8597 3 0 1797823560 1797829620 1797846420 1797854940 1797863220 1797868620
Ankara_20261221_moonsighting_0 2026 12 21 39.9334 32.8597 6 0 1797823860 1797829620 1797846720 1797854940 1797863400 1797868800
Izmir_20261221_diyanet_0 2026 12 21 38.4237 27.1428 0 0 1797824880 1797830280 1797848160 1797856800 1797865380 1797870360
Izmir_20261221_diyanet_1 2026 12 21 38.4237 27.1428 0 1 1797824880 1797830280 1797848160 1797859080 1797865380 1797870360
Izmir_20261221_mwl_0 2026 12 21 38.4237 27.1428 1 0 1797825000 1797830700 1797847800 1797856560 1797864840 1797870240
Izmir_20261221_umm_al_qura_0 2026 12 21 38.4237 27.1428 3 0 1797824820 1797830700 1797847740 1797856560 1797864840 1797870240
Izmir_20261221_moonsighting_0 2026 12 21 38.4237 27.1428 6 0 1797825000 1797830700 1797848040 1797856560 1797865020 1797870420
Mecca_20261221_diyanet_0 2026 12 21 21.4225 39.8262 0 0 1797820320 1797824820 1797845160 1797856020 1797864780 1797868860
Mecca_20261221_diyanet_1 2026 12 21 21.4225 39.8262 0 1 1797820320 1797824820 1797845160 1797858720 1797864780 1797868860
Mecca_20261221_mwl_0 2026 12 21 21.4225 39.8262 1 0 1797820440 1797825240 1797844800 1797855780 1797864240 1797868740
Mecca_20261221_umm_al_qura_0 2026 12 21 21.4225 39.8262 3 0 1797820320 1797825240 1797844740 1797855780 1797864240 1797869640
Mecca_20261221_moonsighting_0 2026 12 21 21.4225 39.8262 6 0 1797820440 1797825240 1797845040 1797855780 1797864420 1797868980
London_20261221_diyanet_0 2026 12 21 51.5074 -0.1278 0 0 1797832620 1797839820 1797854760 1797860520 1797868920 1797875580
London_20261221_diyanet_1 2026 12 21 51.5074 -0.1278 0 1 1797832620 1797839820 1797854760 1797862260 1797868920 1797875580
London_20261221_mwl_0 2026 12 21 51.5074 -0.1278 1 0 1797832740 1797840240 1797854400 1797860280 1797868380 1797875460
London_20261221_umm_al_qura_0 2026 12 21 51.5074 -0.1278 3 0 1797832560 1797840240 1797854340 1797860280 1797868380 1797873780
London_20261221_moonsighting_0 2026 12 21 51.5074 -0.1278 6 0 1797834120 1797840240 1797854640 1797860280 1797868560 1797874320
NewYork_20261221_diyanet_0 2026 12 21 40.7128 -74.0060 0 0 1797849360 1797855000 1797872460 1797880680 1797889260 1797894420
NewYork_20261221_diyanet_1 2026 12 21 40.7128 -74.0060 0 1 1797849360 1797855000 1797872460 1797882900 1797889260 1797894420
NewYork_20261221_mwl_0 2026 12 21 40.7128 -74.0060 1 0 1797849480 1797855420 1797872100 1797880440 1797888720 1797894300
NewYork_20261221_umm_al_qura_0 2026 12 21 40.7128 -74.0060 3 0 1797849300 1797855420 1797872040 1797880440 1797888720 1797894120
NewYork_20261221_moonsighting_0 2026 12 21 40.7128 -74.0060 6 0 1797849600 1797855420 1797872340 1797880440 1797888900 1797894360
Oslo_20261221_diyanet_0 2026 12 21 59.9139 10.7522 0 0 1797831000 1797840660 1797852120 1797855060 1797862860 1797871860
Oslo_20261221_diyanet_1 2026 12 21 59.9139 10.7522 0 1 1797831000 1797840660 1797852120 1797856200 1797862860 1797871860
Oslo_20261221_mwl_0 2026 12 21 59.9139 10.7522 1 0 1797831120 1797841080 1797851760 1797854820 1797862320 1797871740
Oslo_20261221_umm_al_qura_0 2026 12 21 59.9139 10.7522 3 0 1797830880 1797841080 1797851700 1797854820 1797862320 1797867720
Oslo_20261221_moonsighting_0 2026 12 21 59.9139 10.7522 6 0 1797834720 1797841080 1797852000 1797854820 1797862500 1797868500
Sydney_20261221_diyanet_0 2026 12 21 -33.8688 151.2093 0 0 1797785640 1797791640 1797818400 1797831720 1797844440 1797849900
Sydney_20261221_diyanet_1 2026 12 21 -33.8688 151.2093 0 1 1797785640 1797791640 1797818400 1797836280 1797844440 1797849900
Sydney_20261221_mwl_0 2026 12 21 -33.8688 151.2093 1 0 1797785760 1797792060 1797818040 1797831480 1797843900 1797849780
Sydney_20261221_umm_al_qura_0 2026 12 21 -33.8688 151.2093 3 0 1797785580 1797792060 1797817980 1797831480 1797843900 1797849300
Sydney_20261221_moonsighting_0 2026 12 21 -33.8688 151.2093 6 0 1797785760 1797792060 1797818280 1797831480 1797844080 1797848640
Istanbul_20280229_diyanet_0 2028 2 29 41.0082 28.9784 0 0 1835406360 1835411520 1835432580 1835443740 1835452980 1835457720
Istanbul_20280229_diyanet_1 2028 2 29 41.0082 28.9784 0 1 1835406360 1835411520 1835432580 1835446500 1835452980 1835457720
Istanbul_20280229_mwl_0 2028 2 29 41.0082 28.9784 1 0 1835406480 1835411940 1835432220 1835443500 1835452440 1835457600
Istanbul_20280229_isna_0 2028 2 29 41.0082 28.9784 2 0 1835407440 1835411940 1835432220 1835443500 1835452440 1835457000
Istanbul_20280229_umm_al_qura_0 2028 2 29 41.0082 28.9784 3 0 1835406300 1835411940 1835432160 1835443500 1835452440 1835457840
Istanbul_20280229_egyptian_0 2028 2 29 41.0082 28.9784 4 0 1835406000 1835411940 1835432220 1835443500 1835452440 1835457780
Istanbul_20280229_karachi_0 2028 2 29 41.0082 28.9784 5 0 1835406480 1835411940 1835432220 1835443500 1835452440 1835457960
Istanbul_20280229_karachi_1 2028 2 29 41.0082 28.9784 5 1 1835406480 1835411940 1835432220 1835446260 1835452440 1835457960
Istanbul_20280229_moonsighting_0 2028 2 29 41.0082 28.9784 6 0 1835406480 1835411940 1835432460 1835443500 1835452620 1835457300
Istanbul_20280229_kuwait_0 2028 2 29 41.0082 28.9784 7 0 1835406480 1835411940 1835432160 1835443500 1835452440 1835457780
Istanbul_20280229_qatar_0 2028 2 29 41.0082 28.9784 8 0 1835406480 1835411940 1835432160 1835443500 1835452440 1835457840
Istanbul_20280229_singapore_0 2028 2 29 41.0082 28.9784 9 0 1835405820 1835411940 1835432220 1835443500 1835452440 1835457960
Istanbul_20280229_uoif_0 2028 2 29 41.0082 28.9784 10 0 1835408400 1835411940 1835432160 1835443500 1835452440 1835456040
Istanbul_20280229_dubai_0 2028 2 29 41.0082 28.9784 11 0 1835406420 1835411760 1835432340 1835443680 1835452620 1835458020
Ankara_20280229_diyanet_0 2028 2 29 39.9334 32.8597 0 0 1835405460 1835410560 1835431680 1835442840 1835452140 1835456760
Ankara_20280229_diyanet_1 2028 2 29 39.9334 32.8597 0 1 1835405460 1835410560 1835431680 1835445660 1835452140 1835456760
Ankara_20280229_mwl_0 2028 2 29 39.9334 32.8597 1 0 1835405580 1835410980 1835431320 1835442600 1835451600 1835456640
Ankara_20280229_umm_al_qura_0 2028 2 29 39.9334 32.8597 3 0 1835405400 1835410980 1835431260 1835442600 1835451600 1835457000
Ankara_20280229_moonsighting_0 2028 2 29 39.9334 32.8597 6 0 1835405580 1835410980 1835431560 1835442600 1835451780 1835456400
Izmir_20280229_diyanet_0 2028 2 29 38.4237 27.1428 0 0 1835406900 1835411820 1835433060 1835444340 1835453580 1835458140
Izmir_20280229_diyanet_1 2028 2 29 38.4237 27.1428 0 1 1835406900 1835411820 1835433060 1835447160 1835453580 1835458140
Izmir_20280229_mwl_0 2028 2 29 38.4237 27.1428 1 0 1835407020 1835412240 1835432700 1835444100 1835453040 1835458020
Izmir_20280229_umm_al_qura_0 2028 2 29 38.4237 27.1428 3 0 1835406840 1835412240 1835432640 1835444100 1835453040 1835458440
Izmir_20280229_moonsighting_0 2028 2 29 38.4237 27.1428 6 0 1835407020 1835412240 1835432940 1835444100 1835453220 1835457840
Mecca_20280229_diyanet_0 2028 2 29 21.4225 39.8262 0 0 1835403960 1835408100 1835430000 1835441940 1835451240 1835454960
Mecca_20280229_diyanet_1 2028 2 29 21.4225 39.8262 0 1 1835403960 1835408100 1835430000 1835445060 1835451240 1835454960
Mecca_20280229_mwl_0 2028 2 29 21.4225 39.8262 1 0 1835404080 1835408520 1835429640 1835441700 1835450700 1835454840
Mecca_20280229_umm_al_qura_0 2028 2 29 21.4225 39.8262 3 0 1835403960 1835408520 1835429580 1835441700 1835450700 1835456100
Mecca_20280229_moonsighting_0 2028 2 29 21.4225 39.8262 6 0 1835404080 1835408520 1835429880 1835441700 1835450880 1835455140
London_20280229_diyanet_0 2028 2 29 51.5074 -0.1278 0 0 1835412840 1835419200 1835439600 1835449680 1835459340 1835465220
London_20280229_diyanet_1 2028 2 29 51.5074 -0.1278 0 1 1835412840 1835419200 1835439600 1835452320 1835459340 1835465220
London_20280229_mwl_0 2028 2 29 51.5074 -0.1278 1 0 1835412960 1835419620 1835439240 1835449440 1835458800 1835465100
London_20280229_umm_al_qura_0 2028 2 29 51.5074 -0.1278 3 0 1835412780 1835419620 1835439180 1835449440 1835458800 1835464200
London_20280229_moonsighting_0 2028 2 29 51.5074 -0.1278 6 0 1835413920 1835419620 1835439480 1835449440 1835458980 1835463720
NewYork_20280229_diyanet_0 2028 2 29 40.7128 -74.0060 0 0 1835431080 1835436240 1835457300 1835468520 1835477760 1835482500
NewYork_20280229_diyanet_1 2028 2 29 40.7128 -74.0060 0 1 1835431080 1835436240 1835457300 1835471280 1835477760 1835482500
NewYork_20280229_mwl_0 2028 2 29 40.7128 -74.0060 1 0 1835431200 1835436660 1835456940 1835468280 1835477220 1835482380
NewYork_20280229_umm_al_qura_0 2028 2 29 40.7128 -74.0060 3 0 1835431020 1835436660 1835456880 1835468280 1835477220 1835482620
NewYork_20280229_moonsighting_0 2028 2 29 40.7128 -74.0060 6 0 1835431200 1835436660 1835457180 1835468280 1835477400 1835482020
Oslo_20280229_diyanet_0 2028 2 29 59.9139 10.7522 0 0 1835409420 1835417400 1835436960 1835445840 1835455920 1835463360
Oslo_20280229_diyanet_1 2028 2 29 59.9139 10.7522 0 1 1835409420 1835417400 1835436960 1835448240 1835455920 1835463360
Oslo_20280229_mwl_0 2028 2 29 59.9139 10.7522 1 0 1835409540 1835417820 1835436600 1835445600 1835455380 1835463240
Oslo_20280229_umm_al_qura_0 2028 2 29 59.9139 10.7522 3 0 1835409240 1835417820 1835436540 1835445600 1835455380 1835460780
Oslo_20280229_moonsighting_0 2028 2 29 59.9139 10.7522 6 0 1835411880 1835417820 1835436840 1835445600 1835455560 1835460360
Sydney_20280229_diyanet_0 2028 2 29 -33.8688 151.2093 0 0 1835374440 1835379300 1835403300 1835416080 1835426520 1835430900
Sydney_20280229_diyanet_1 2028 2 29 -33.8688 151.2093 0 1 1835374440 1835379300 1835403300 1835419620 1835426520 1835430900
Sydney_20280229_mwl_0 2028 2 29 -33.8688 151.2093 1 0 1835374560 1835379720 1835402940 1835415840 1835425980 1835430780
Sydney_20280229_umm_al_qura_0 2028 2 29 -33.8688 151.2093 3 0 1835374380 1835379720 1835402880 1835415840 1835425980 1835431380
Sydney_20280229_moonsighting_0 2028 2 29 -33.8688 151.2093 6 0 1835374560 1835379720 1835403180 1835415840 1835426160 1835430300
Istanbul_20301231_diyanet_0 2030 12 31 41.0082 28.9784 0 0 1924919280 1924924920 1924942440 1924950720 1924959240 1924964460
Istanbul_20301231_diyanet_1 2030 12 31 41.0082 28.9784 0 1 1924919280 1924924920 1924942440 1924952940 1924959240 1924964460
Istanbul_20301231_mwl_0 2030 12 31 41.0082 28.9784 1 0 1924919400 1924925340 1924942080 1924950480 1924958700 1924964340
Istanbul_20301231_isna_0 2030 12 31 41.0082 28.9784 2 0 1924920360 1924925340 1924942080 1924950480 1924958700 1924963680
Istanbul_20301231_umm_al_qura_0 2030 12 31 41.0082 28.9784 3 0 1924919220 1924925340 1924942020 1924950480 1924958700 1924964100
Istanbul_20301231_egyptian_0 2030 12 31 41.0082 28.9784 4 0 1924918920 1924925340 1924942080 1924950480 1924958700 1924964520
Istanbul_20301231_karachi_0 2030 12 31 41.0082 28.9784 5 0 1924919400 1924925340 1924942080 1924950480 1924958700 1924964640
Istanbul_20301231_karachi_1 2030 12 31 41.0082 28.9784 5 1 1924919400 1924925340 1924942080 1924952700 1924958700 1924964640
Istanbul_20301231_moonsighting_0 2030 12 31 41.0082 28.9784 6 0 1924919580 1924925340 1924942320 1924950480 1924958880 1924964280
Istanbul_20301231_kuwait_0 2030 12 31 41.0082 28.9784 7 0 1924919400 1924925340 1924942020 1924950480 1924958700 1924964520
Istanbul_20301231_qatar_0 2030 12 31 41.0082 28.9784 8 0 1924919400 1924925340 1924942020 1924950480 1924958700 1924964100
Istanbul_20301231_singapore_0 2030 12 31 41.0082 28.9784 9 0 1924918740 1924925340 1924942080 1924950480 1924958700 1924964640
Istanbul_20301231_uoif_0 2030 12 31 41.0082 28.9784 10 0 1924921380 1924925340 1924942020 1924950480 1924958700 1924962660
Istanbul_20301231_dubai_0 2030 12 31 41.0082 28.9784 11 0 1924919340 1924925160 1924942200 1924950660 1924958880 1924964700
Ankara_20301231_diyanet_0 2030 12 31 39.9334 32.8597 0 0 1924918260 1924923780 1924941540 1924949940 1924958520 1924963620
Ankara_20301231_diyanet_1 2030 12 31 39.9334 32.8597 0 1 1924918260 1924923780 1924941540 1924952220 1924958520 1924963620
Ankara_20301231_mwl_0 2030 12 31 39.9334 32.8597 1 0 1924918380 1924924200 1924941180 1924949700 1924957980 1924963500
Ankara_20301231_umm_al_qura_0 2030 12 31 39.9334 32.8597 3 0 1924918200 1924924200 1924941120 1924949700 1924957980 1924963380
Ankara_20301231_moonsighting_0 2030 12 31 39.9334 32.8597 6 0 1924918500 1924924200 1924941420 1924949700 1924958160 1924963500
Izmir_20301231_diyanet_0 2030 12 31 38.4237 27.1428 0 0 1924919460 1924924860 1924942860 1924951620 1924960140 1924965120
Izmir_20301231_diyanet_1 2030 12 31 38.4237 27.1428 0 1 1924919460 1924924860 1924942860 1924953900 1924960140 1924965120
Izmir_20301231_mwl_0 2030 12 31 38.4237 27.1428 1 0 1924919580 1924925280 1924942500 1924951380 1924959600 1924965000
Izmir_20301231_umm_al_qura_0 2030 12 31 38.4237 27.1428 3 0 1924919460 1924925280 1924942440 1924951380 1924959600 1924965000
Izmir_20301231_moonsighting_0 2030 12 31 38.4237 27.1428 6 0 1924919640 1924925280 1924942740 1924951380 1924959780 1924965120
Mecca_20301231_diyanet_0 2030 12 31 21.4225 39.8262 0 0 1924915020 1924919460 1924939860 1924950720 1924959480 1924963560
Mecca_20301231_diyanet_1 2030 12 31 21.4225 39.8262 0 1 1924915020 1924919460 1924939860 1924953480 1924959480 1924963560
Mecca_20301231_mwl_0 2030 12 31 21.4225 39.8262 1 0 1924915140 1924919880 1924939500 1924950480 1924958940 1924963440
Mecca_20301231_umm_al_qura_0 2030 12 31 21.4225 39.8262 3 0 1924915020 1924919880 1924939440 1924950480 1924958940 1924964340
Mecca_20301231_moonsighting_0 2030 12 31 21.4225 39.8262 6 0 1924915140 1924919880 1924939740 1924950480 1924959120 1924963680
London_20301231_diyanet_0 2030 12 31 51.5074 -0.1278 0 0 1924927260 1924934340 1924949400 1924955340 1924963800 1924970400
London_20301231_diyanet_1 2030 12 31 51.5074 -0.1278 0 1 1924927260 1924934340 1924949400 1924957140 1924963800 1924970400
London_20301231_mwl_0 2030 12 31 51.5074 -0.1278 1 0 1924927380 1924934760 1924949040 1924955100 1924963260 1924970280
London_20301231_umm_al_qura_0 2030 12 31 51.5074 -0.1278 3 0 1924927140 1924934760 1924948980 1924955100 1924963260 1924968660
London_20301231_moonsighting_0 2030 12 31 51.5074 -0.1278 6 0 1924928700 1924934760 1924949280 1924955100 1924963440 1924969080
NewYork_20301231_diyanet_0 2030 12 31 40.7128 -74.0060 0 0 1924943940 1924949580 1924967160 1924975500 1924984020 1924989180
NewYork_20301231_diyanet_1 2030 12 31 40.7128 -74.0060 0 1 1924943940 1924949580 1924967160 1924977720 1924984020 1924989180
NewYork_20301231_mwl_0 2030 12 31 40.7128 -74.0060 1 0 1924944060 1924950000 1924966800 1924975260 1924983480 1924989060
NewYork_20301231_umm_al_qura_0 2030 12 31 40.7128 -74.0060 3 0 1924943940 1924950000 1924966740 1924975260 1924983480 1924988880
NewYork_20301231_moonsighting_0 2030 12 31 40.7128 -74.0060 6 0 1924944240 1924950000 1924967040 1924975260 1924983660 1924989000
Oslo_20301231_diyanet_0 2030 12 31 59.9139 10.7522 0 0 1924925580 1924935120 1924946820 1924950000 1924957800 1924966740
Oslo_20301231_diyanet_1 2030 12 31 59.9139 10.7522 0 1 1924925580 1924935120 1924946820 1924951140 1924957800 1924966740
Oslo_20301231_mwl_0 2030 12 31 59.9139 10.7522 1 0 1924925700 1924935540 1924946460 1924949760 1924957260 1924966620
Oslo_20301231_umm_al_qura_0 2030 12 31 59.9139 10.7522 3 0 1924925460 1924935540 1924946400 1924949760 1924957260 1924962660
Oslo_20301231_moonsighting_0 2030 12 31 59.9139 10.7522 6 0 1924929240 1924935540 1924946700 1924949760 1924957440 1924963260
Sydney_20301231_diyanet_0 2030 12 31 -33.8688 151.2093 0 0 1924880460 1924886400 1924913100 1924926420 1924939080 1924944480
Sydney_20301231_diyanet_1 2030 12 31 -33.8688 151.2093 0 1 1924880460 1924886400 1924913100 1924930920 1924939080 1924944480
Sydney_20301231_mwl_0 2030 12 31 -33.8688 151.2093 1 0 1924880580 1924886820 1924912740 1924926180 1924938540 1924944360
Sydney_20301231_umm_al_qura_0 2030 12 31 -33.8688 151.2093 3 0 1924880340 1924886820 1924912680 1924926180 1924938540 1924943940
Sydney_20301231_moonsighting_0 2030 12 31 -33.8688 151.2093 6 0 1924880640 1924886820 1924912980 1924926180 1924938720 1924943160
# 392 cases
